9.355792345619753370e-01 -7.401218738757316118e-02 3.806748843633588064e-02 2.505081080478863131e-02 2.242786401579408354e-02 1.487011527542547035e-02 3.724127507173869561e-02 5.291201712705296406e-02 -1.776794526467824833e-02 -1.786199877241056166e-01 6.927623675678520887e-02 1.277945031029268375e-01 9.165701089724080652e-03 1.664302654782301438e-02 6.015742727629044828e-02 1.884955979874862898e-03 -6.697216876915887407e-02 -4.506844990580129856e-02 4.823847429671208192e-02 4.218716195688285847e-02 1.170518421858153801e-01 3.622944848883493524e-02 -1.686724562519931886e-02 -2.778751807276430043e-03 -3.157434501501585333e-02 4.546560110482641276e-02 5.028724660715584022e-02 5.293401922221174782e-02 1.658905924543067900e-02 2.469779816210831633e-02 -9.608251807557652291e-02 1.591971575032192221e-01 -1.414102309625577848e-02 2.105812409857421019e-01 2.649498508376045211e-02 -4.568102011058088330e-01 2.754327405215123425e-02 2.762656716601555318e-01 -2.180475923738447661e-02 -8.503964896377433358e-03 1.541832152007975403e-02 4.886047109106134850e-02 4.613996682355311907e-02 -7.745087687852210412e-02 -1.458687959250606209e-05 -5.257699672141575437e-02 2.324895508106781736e-02 1.064413719868717231e-02 -2.663714434417151743e-03 -3.724592733702879882e-02 -2.499382014701775553e-02 3.203046170122169495e-02 5.896488401550609854e-02 2.220097073178748937e-01 3.372416290672915207e-02 -4.959150115112995194e-02 -3.779194753573246190e-01 7.651811072562553218e-02 -7.987216136915130382e-03 -3.384993933136947256e-03 -1.367779460912824444e-02 1.408907780767958357e-03 -2.684395238714797419e-02 1.342710371454694865e-02 -3.102614629473422238e-03 1.492587588055315634e-02 1.265040342291913304e-02 8.482045756168567555e-03 2.814364930199078629e-02 2.500412708176259421e-03 -2.496186115440519188e-03 -1.387048578667595192e-02 7.454750164529750506e-03 -2.114656475771337606e-03 3.497747645824007714e-04 1.510965802903641540e-02 -1.592833056390558291e-02 2.039511260184678418e-03 -2.368217810400168998e-03 -5.054860880301748592e-03 -9.716624375016578649e-03 1.606375802004865461e-02 -6.779368828579950337e-03 -1.360112236766857115e-03 -3.675168168276669867e-03 2.501071264547497994e-02 -8.238152470149461351e-03 -4.586397767852334537e-03 -5.373053837186890155e-03 -4.040489450844284708e-02 -8.673349640308778558e-03 2.790594871053897821e-03 -4.544246819573511537e-03 2.063846265868581314e-03 1.542580260734689040e-02 6.060470321041830366e-03 1.225134958676296279e-02 2.290364641034995947e-03 1.749049501667080406e-03 -1.845130448411337262e-02 -5.018331374090592711e-03 6.783070352732404468e-03 7.862465884235350644e-03 -1.174605084413237951e-02 -1.273730086506314526e-03 7.170690870856899794e-04
-7.401218738757316118e-02 9.988769951937735980e-01 2.887090383895297291e-02 2.521040981223216394e-03 -8.821769139709346660e-03 -1.652746551544711368e-02 -6.978762729644127569e-03 -2.514397845223996942e-03 5.072350261945365348e-03 4.203195533100442111e-02 -2.315455382650538282e-02 -3.852120368883722723e-02 -1.065671544354193992e-02 -3.156759836387890237e-03 -3.633166956457786843e-03 1.085006940705894422e-02 8.509188505821080328e-03 9.766686103937370980e-03 3.378192356555292930e-02 4.026227463835806153e-02 -2.872594970123967285e-03 1.485413857784608979e-02 6.384236037560324373e-03 -1.558305092608346792e-02 -5.531457521820255449e-03 -2.094555812543652269e-03 -2.804799834589070343e-03 -2.030009628546635900e-02 1.640202851484963073e-02 -3.829586107999704940e-03 -5.878874654205297652e-03 -1.619820643769157367e-02 -2.819437990965950949e-04 -2.214969059890848149e-02 3.227235114819880773e-03 3.402683275390692985e-02 2.781434853824552370e-02 -2.659622749943646794e-02 6.933890057002836324e-03 3.785919424669458022e-03 8.362577456712686277e-03 -1.717217939701064580e-02 -3.341718211320325593e-02 2.806411187805448945e-02 1.206306853101848583e-02 -5.205102366373134601e-03 6.654155727575350801e-03 -1.447780362525932611e-02 1.674449583125723479e-02 3.941376258021128676e-03 3.932511561076341283e-03 1.070005905738480485e-03 -3.315377903865191888e-03 -1.734659624246239970e-02 5.697810671959339934e-03 2.443707267058093865e-02 1.166304896048257593e-02 3.058574673105956491e-03 -1.578929630062275713e-02 -6.414856687556710901e-02 -5.183717772584524319e-02 1.171172650855100972e-01 6.075278216433256662e-03 -5.618391269528159870e-02 8.310647051475821001e-04 -5.622396239166445320e-03 -4.662416181359265235e-03 1.436204788242151711e-02 2.944222487573245131e-02 8.056391086049060225e-04 -1.113397258984323047e-03 3.521512683999723087e-02 -3.693867030726947012e-03 8.096196464127797775e-04 -1.631326750079088034e-04 -1.231593575537945524e-02 3.288670427437089677e-02 6.173504460971888062e-03 -1.044169057835924418e-02 1.222694604175451547e-02 7.679649467966158209e-03 -1.785584009242965550e-03 -1.093140044577884350e-02 -2.574750118212713271e-03 -1.315534675885187028e-02 -3.600751114608418367e-03 1.118853157741134079e-02 -1.552357180081541995e-03 5.073462280516437273e-03 1.346644439770594004e-01 3.259869456532801801e-02 2.654918968436026719e-03 2.479671940067407904e-02 -1.746921924704720325e-02 -2.470315616101477398e-03 -1.205547854367141486e-02 6.732631192049492834e-03 -3.503297677030046877e-03 -1.266912558406028955e-02 -1.213791317038183555e-03 -1.222258827604684375e-03 5.340378749079087613e-03 -7.542586616639783414e-02 -1.249403845173794637e-02 5.683438239099350420e-03 4.577847225448888197e-03
3.806748843633588064e-02 2.887090383895297291e-02 9.523016330447418021e-01 2.427256695239935966e-04 1.304795828853823336e-02 1.789629196561260405e-01 -1.185973221768996978e-02 -4.511190317033075131e-02 3.265637559617478713e-03 -1.768255821345975087e-02 5.354103765962635320e-02 1.003070285761960972e-01 -2.289754703833514482e-02 1.360605743249654722e-03 -4.827106831646357094e-02 2.052383961562578851e-02 3.338009283149712299e-03 9.158657875060750159e-03 1.633631387854514450e-02 2.660247263717923152e-02 3.824013004355400480e-02 2.591045249633524769e-02 -2.563142490259516862e-02 -1.607747014730280880e-02 -1.214260465629533707e-02 9.106551507835035364e-04 3.997507359963071993e-02 -2.742648482555108680e-02 6.001947458243186984e-03 1.559633896699298000e-02 -4.806460462696757197e-02 -2.014843480319729041e-01 -1.767009162812268122e-02 3.356713460923708148e-01 -2.946637113564880284e-02 -1.024504620396617383e-01 -9.323824357205047486e-02 -1.728925060005359338e-01 -2.444080901462744870e-01 1.211756476990500514e-02 2.262970118862189239e-01 -9.680221486165747555e-03 1.112873010079169084e-01 1.123683610388652443e-01 4.533250383958843666e-02 -1.200541705934555503e-01 -7.750880974326694595e-02 -6.879728730921513824e-02 5.838643136335190664e-02 -1.657252776960898427e-02 -2.123482774622137415e-02 1.381444451795581230e-01 -4.798962041568721748e-02 4.935429495321382309e-01 -1.276768643307003015e-01 -2.194142849547566984e-02 -5.304128548658158804e-02 -2.913566623548706214e-01 -3.472194823826767474e-01 -4.597554250998509527e-03 -3.170407609336524032e-03 -9.631961908410979767e-02 -7.032010563731551020e-03 8.521950958830303013e-02 7.382982655524717580e-03 -1.410888226471376057e-03 4.376623003816420762e-03 -2.475826400029226739e-03 -1.115882034570873406e-02 -1.182292515447224204e-02 1.965515342058533985e-03 4.630115527255462132e-03 -5.390047458272885159e-03 -8.421385673252066925e-03 -1.741287984003926648e-02 8.967154423563817450e-03 6.338969273139499587e-03 -6.460358748113563532e-03 -8.823442901661997587e-03 -7.072576917194995857e-03 8.808981882165856222e-04 -5.520440099290175630e-03 2.150021620494883823e-02 8.277492544690779469e-03 2.665938204987184854e-03 1.949901860320726096e-03 -1.955174410941423052e-02 -2.476983765138367037e-03 -4.483069411059296960e-03 4.516483463687122335e-02 1.478685985347276627e-03 -4.713945979770754746e-03 -5.203259014303773453e-03 -8.982548068810904812e-03 2.211790434400264828e-03 2.478801742112372516e-03 -1.130610415195922383e-02 -3.325266048515494038e-03 -3.715828128629851575e-03 6.455117424915063004e-05 -1.245084189506089067e-02 -1.138734836111268862e-02 -1.452730747979640892e-02 2.815620004192256366e-03 5.359864412777001590e-03 1.417129269854026929e-02
2.505081080478863131e-02 2.521040981223216394e-03 2.427256695239935966e-04 9.331756330018506906e-01 -6.464005213994096499e-02 2.677394017213089589e-02 -1.890843778192709615e-02 -1.427586694843638142e-02 -2.999412223589633482e-04 -2.091854372457040839e-02 6.475877325759245295e-02 2.476822841566326053e-02 -1.345299904373153943e-02 9.437892458105080155e-04 1.847717564154095641e-03 -1.180759496868073136e-05 -3.346823104682376988e-03 -2.457561595091034209e-03 -1.568009447236074980e-03 -2.136206595279449300e-03 -2.954680320778497408e-03 -1.593916252053868029e-04 -1.151780939795688657e-02 -1.250275958051785472e-02 4.576858026863883243e-04 2.738344325458442682e-02 -1.732634822350566720e-02 8.354311297447198498e-03 3.825449743982613660e-03 1.361967521416386773e-01 -2.049127113681429441e-02 9.497369108673844526e-03 -4.800016134303443198e-03 -1.332408240636471369e-02 2.927796405908810341e-03 4.732945590629032348e-03 3.357175948486702376e-03 2.172690268637042423e-03 -8.358734095080918441e-03 -1.222174569529759641e-03 -1.906841165368923854e-02 1.253168780891469013e-02 -1.263347857558914239e-04 -3.734828685519551213e-03 -1.033404330175150855e-02 -5.315092747191095882e-03 9.201301697839118793e-04 4.343550139862831228e-02 -1.323249485553504995e-02 6.290054167875970721e-03 -1.470139317743924395e-02 -1.325274096363619931e-02 1.826193803177382285e-03 -9.309399193963497493e-03 1.541751013317720249e-02 -3.425089624896553533e-04 -2.543279555167577560e-03 2.884907890238569850e-03 -9.751967721314775545e-03 3.938757400682757243e-04 7.521847348096822108e-03 -7.285584321467731455e-04 5.290267714516639838e-03 -4.572920159007615518e-03 -1.773254899589875831e-03 9.173856522995741097e-04 -5.021418868982855006e-03 -5.769685899329518499e-04 -5.875990215392474895e-03 7.654049547891748038e-03 -6.549636094345253571e-04 7.615969691208638714e-04 -4.150289992752919516e-03 -5.134731822601172092e-03 -4.360758574406037660e-03 2.681815848083770573e-04 -6.141162961544777317e-04 -2.312889450560432110e-03 -1.354871474746965703e-04 -1.179695389152430468e-03 -4.344754919081601774e-03 -8.756815814857550617e-04 1.420287825829247633e-02 1.434546581478558964e-03 -2.257390484070774962e-03 -5.575049551400836773e-03 -1.074865928602104000e-03 5.328984346285974005e-03 -1.426109979008325203e-03 5.884670656576904005e-06 -7.782725958952664991e-04 -3.956034324348069436e-04 -1.410074360400258341e-03 -3.357478266812480641e-03 -1.383639464509379404e-03 -1.390026513356707339e-03 -1.822184818629654429e-03 -1.626013012011123370e-03 6.459227939853979042e-03 2.799607996566934841e-03 -2.370327881258888977e-03 -1.848215658037623147e-03 -3.091823158467983147e-03 1.475184178228653234e-03 -3.793242925125719575e-03 1.265929450909306260e-02
2.242786401579408354e-02 -8.821769139709346660e-03 1.304795828853823336e-02 -6.464005213994096499e-02 9.771168082139461974e-01 1.960984376346786712e-02 1.866230963860167000e-03 9.690670487917102741e-03 -1.981442174631455923e-03 -1.559686411782656643e-02 1.065548271964973995e-02 1.655443120826481998e-02 -4.245067130127375826e-03 -2.734958063663323318e-03 -4.298230041314087674e-03 -2.448474407517852759e-03 -4.883370744566242587e-03 -9.056532951272802667e-03 -1.783595987526000008e-03 2.072436147609641073e-03 1.330501688949572298e-03 -1.002589643622034746e-02 2.303437476499325433e-03 -9.138358032435719980e-03 7.016600080109229587e-03 3.003470451698289981e-02 -9.075593508933776921e-03 2.004273009404602263e-02 1.259466309075500971e-03 2.503318590305611546e-02 -1.134067958802848983e-02 -3.286374378871796675e-03 -7.314838465994605472e-03 1.353025902245980419e-02 -1.951459828211669825e-03 -1.266940311961109109e-02 -1.868550635477671425e-03 6.271115154838165576e-03 -1.029459023745970744e-02 5.509871804076498479e-03 2.994052302706998007e-03 1.598118794977948509e-02 -2.854091800886622218e-03 -8.501540189164272926e-03 -5.795079245142164236e-03 -1.734077480858440060e-02 -5.279243327569954104e-03 1.832353115592971413e-02 -7.370973387034700577e-03 6.116169699938063531e-03 9.439019651034921601e-04 -4.944725270632135267e-05 -4.412803597655950635e-03 1.513191257636661846e-02 1.103692733208577921e-02 -3.096896153333100147e-03 -1.653891259725357929e-02 -1.769705119793482662e-02 -1.422294050945533978e-03 -8.591093273133180303e-03 2.917458870451611341e-03 -8.352158498230996542e-03 -1.173576318178033359e-03 8.232678133565034251e-03 4.696904650796451461e-03 4.701823147362257753e-03 1.013904933398425759e-02 -3.322407643943304806e-03 -2.786784794631090578e-03 -3.724045423475308252e-03 -5.162872331965545972e-03 -4.893851702838319939e-03 -2.380256389081213293e-03 -8.864977416006567315e-03 -3.338858126776229809e-03 1.418322968378278939e-02 -4.012162691299163420e-03 6.213899850473509484e-04 3.624193263526237496e-02 4.027729087848523452e-03 1.937480674272140831e-04 2.131566145117216090e-03 2.914752842820536507e-03 1.347971619510160510e-03 -2.706790332353951369e-04 -8.965507285650174685e-03 -9.372348224412881471e-03 -5.505484945534077842e-03 -4.356673469861216917e-03 -1.265288985483096693e-02 3.217047658238643935e-03 -2.613396449112844171e-03 -2.065711815579678902e-04 4.104629506937318016e-04 -5.132403132515543469e-03 -5.216908357619154044e-03 -1.821889725666793729e-03 -3.908672689893708321e-03 1.105825179563678026e-02 4.909346965290773725e-03 -4.251292107666703075e-03 9.507791645654770779e-03 3.618650295980537120e-03 2.870418174880306865e-03 -5.976515761987358580e-03 1.001544064738628739e-02
1.487011527542547035e-02 -1.652746551544711368e-02 1.789629196561260405e-01 2.677394017213089589e-02 1.960984376346786712e-02 9.405158994705590247e-01 -3.434431321628211853e-04 3.963519972846727205e-03 -1.262534091902622890e-02 -2.872958351894939512e-03 9.492194457251978967e-02 8.615992944826962596e-02 -2.629630301299027903e-02 -1.025332998233912697e-02 -1.490047081058170075e-01 -3.100139761555033638e-02 -8.093805630116386596e-02 -3.321244399596290364e-02 -4.820173891731029808e-03 -2.121254245782629860e-03 1.340960669022691612e-03 -1.180460535147237304e-02 2.477569881023430204e-04 1.768355276206325447e-02 3.663472251282760134e-02 3.005973537624524738e-02 3.768435793196186351e-02 2.455960816380947306e-02 -6.730550792959395269e-03 4.092811974725995422e-02 -5.427710013693663738e-02 5.513532038342518204e-02 -1.229909787095984693e-03 1.103127160488503594e-01 2.668012491884503602e-03 -1.241681989481635273e-01 4.982470398746136498e-04 -9.116633852025340934e-02 -6.369894547838873822e-02 1.386957193773483447e-03 6.020312471082385486e-02 8.961950201046839370e-02 1.057540524639924845e-01 -2.205482228031107814e-02 2.239241890837456728e-02 -1.197447436640854818e-01 -3.155037335789032116e-02 1.754543674950832452e-02 2.146432658815092612e-02 4.421989194017431762e-03 -1.941585891062613811e-02 8.290383159825473469e-02 -1.495312618333630994e-01 1.535942056265544586e-01 5.044692603240980011e-02 -2.931508689314671345e-02 -1.962852568564346090e-01 -4.369745934619930459e-03 -9.351812695431221956e-02 3.475982705996810349e-03 -7.048064150187582574e-03 -3.257729866605832414e-02 1.223658787488069409e-04 2.972950052374046664e-02 -7.655778773423822618e-04 -2.820807071548497424e-03 -1.051013488930352402e-02 9.630520527571621858e-06 -6.333523502941964742e-03 1.301647902817138804e-02 -4.948163473014735234e-04 -1.219566529736113014e-02 3.426073056332173267e-03 8.981575441459849901e-03 2.312732679436540735e-04 8.108511882326800702e-03 3.113889855352609381e-04 -7.057672017579747631e-03 6.352800020357564402e-04 -4.845770987960960549e-03 1.399393728076212570e-04 -7.770098242477729324e-03 1.636801796693441047e-04 7.241017048378734812e-03 4.744775987353819918e-03 1.918110388937658553e-03 -4.600867195697789375e-03 8.100768657844509280e-03 1.554878844255143215e-03 1.337886871365650404e-02 -8.128977666345743244e-03 4.825179825347220876e-03 -9.721128936772890916e-03 -8.155750218159030576e-03 -6.465870945631179562e-03 5.784424814724924493e-03 -4.465538323573737048e-03 1.078263649757811886e-03 9.187372238607903474e-03 -8.872540287968772033e-03 9.901293806948768469e-03 -4.347395264372146129e-03 -5.488358446984930444e-03 -7.889693834887046356e-03 5.913055341327412909e-03 1.113307064658371551e-02
3.724127507173869561e-02 -6.978762729644127569e-03 -1.185973221768996978e-02 -1.890843778192709615e-02 1.866230963860167000e-03 -3.434431321628211853e-04 1.001882754731924452e+00 -4.780109588023899458e-02 -2.122243783159194833e-03 -2.597302814243699354e-01 -4.098026654919354611e-02 -5.231752675470636993e-02 -3.619328728984504140e-02 -2.929304635846623379e-03 -3.777796071598273769e-02 -1.937080813582741853e-02 -1.965491909395218270e-02 -9.627528092164348850e-03 -1.063510460969052836e-02 -1.310475310204004158e-02 -1.884385117121593900e-02 -1.457209470908019631e-02 2.387573275158817732e-02 -3.086163571889190792e-03 1.583882280430838965e-02 -1.707404200573193077e-03 -1.033443130509784785e-02 2.745782430391336716e-03 -5.370976112796023785e-03 7.503959757391076221e-03 2.087076500704963811e-02 2.724088662294589860e-02 1.467014163385101967e-02 -1.571723394449765082e-02 3.906649073016093708e-04 -8.159676177112811651e-03 2.845188031976920474e-05 1.085099215216068017e-02 1.228956148057729209e-01 9.103611419406129612e-02 -3.052930742433737632e-02 2.033669552571655548e-02 -1.946192998302290547e-02 -1.053434203654598014e-02 -2.990284029573579000e-02 -2.825618103213801621e-02 -9.265605681282733028e-03 1.791202719852085304e-02 9.826746074818749205e-03 -5.530179783885631750e-02 4.214755272938336406e-02 -1.747872931267763913e-02 -3.784516992836494537e-02 -9.036155842223650772e-03 2.539779633441659537e-02 -3.415479100577194053e-03 -2.932436211865009287e-02 2.303192779894380066e-02 -1.183533210287891595e-02 2.003609949493532008e-02 1.338302443551937088e-02 5.284042455292990020e-02 -8.881098982284427873e-05 -5.633083664269188107e-02 2.911941771084675199e-03 -5.375475947971952023e-03 -4.583636461985203005e-03 2.390182537081490637e-03 -2.917900393122552054e-03 -6.805401159633499113e-03 -4.566938028933710016e-03 -2.385633591195598403e-03 4.114310375432545658e-03 1.773255184035109691e-04 1.972632484416431218e-03 -5.054043889094906455e-03 -2.555841155360691428e-03 -5.311080356490915921e-03 -9.586436774674789423e-04 -2.998568922515210122e-03 -4.537049050204741002e-03 -3.510125394713810472e-03 -4.335867336677190660e-03 2.896500926060388732e-03 -4.560893470060804408e-03 -5.214229521076127472e-03 -8.469052239494397755e-03 4.026470296940320298e-03 4.398161171304826485e-03 -1.988938622025884437e-02 8.218025070153315778e-04 -2.799104832868325697e-03 -4.662496254261975538e-03 1.374383049659452967e-02 -3.071655530503722507e-03 1.202711135948613015e-04 1.486378772519660225e-02 -3.129627573104996896e-03 -4.815320525269646025e-03 -8.414009923828853765e-03 -3.669129112097230510e-03 -3.870103196525439757e-03 1.352104733674476533e-02 1.242581188554372183e-03 -4.381559420395106895e-03 -4.442347487431309210e-04
5.291201712705296406e-02 -2.514397845223996942e-03 -4.511190317033075131e-02 -1.427586694843638142e-02 9.690670487917102741e-03 3.963519972846727205e-03 -4.780109588023899458e-02 9.999528189316023719e-01 -3.660144106885545277e-03 -3.941230501546846288e-01 -5.369622429301504352e-02 -7.682380145674841398e-02 -5.347966351195448248e-02 -5.052047830342995365e-03 -6.104797120404601568e-02 -1.951102748575307688e-02 -2.339809726457265510e-02 -8.135623828873084565e-03 -1.085396797959464234e-02 -1.380179147348293764e-02 -1.025355048272560271e-02 -8.325381066682582820e-03 1.355309988499293905e-02 -2.099830655561415928e-03 3.891924497568646085e-02 -3.963848660328938081e-03 -4.173654174702492309e-02 1.220402125151719142e-01 2.904592475381744497e-03 -1.297941183652304500e-02 -2.248295233436711435e-02 3.471708647642612194e-02 -7.118182050770685207e-03 4.492167627734569221e-04 -4.007580001269361522e-03 -3.122588172858998395e-02 3.926056892751438781e-04 1.811927339808552459e-02 1.896792684630615317e-02 -3.978266353760819517e-03 -4.406867492757517157e-02 -2.508652201692407324e-02 -2.370167916706674566e-02 -2.264822043927091147e-02 -5.839150405962554441e-02 -2.638774695631328996e-03 -1.590883574510145587e-02 1.593269234958467617e-01 2.330787110942499074e-01 -9.097084334830984886e-02 -1.683969945594169376e-02 7.937440943931672876e-03 -6.117075422582574085e-02 -1.048593653715446800e-02 2.828226720591579552e-03 -1.179691146391058723e-02 -3.075131721631925094e-02 3.683800752302468506e-02 2.717377545577989370e-02 2.149380145302939166e-02 -2.040873839149096036e-02 4.004634714622178765e-02 -9.184442810340543925e-03 -2.702588646375908565e-02 -6.633643654786948451e-03 -4.040657715111454010e-03 -4.663053848070820503e-03 -1.070363290781606302e-02 -5.067472054015136063e-03 -3.325464100502605568e-03 -3.087998662775240724e-03 -3.341322328812386909e-03 -2.320500462193612889e-03 4.676424633250981372e-03 -2.943680718506735614e-05 -3.496170983437849218e-03 -2.594841586971596403e-03 4.149784825300978711e-03 -1.653332211185777612e-03 1.268337503861067476e-03 -1.557830612943107360e-03 -5.293596930562015704e-03 -1.067506079196885171e-02 -3.279254963223872735e-03 -6.957920635528158995e-03 -7.664331593374464069e-03 -2.762948567309489629e-03 -9.123722340392327948e-03 -6.509509077204300373e-04 -1.905946456464228597e-02 -2.693479549609962068e-04 9.475576276386841025e-04 -3.630878135331279746e-03 -4.818994526762245857e-03 -2.407598309188942621e-03 -4.350411145746742141e-03 -7.067800740770124608e-05 -4.674457617409085580e-03 -1.313339926821935864e-02 -4.896535091927566724e-03 -5.722964994722554849e-03 -9.190937547120378234e-04 3.228836365148676779e-02 -3.273547286124848556e-03 -3.997553098189464416e-04 -1.105169304143215764e-02
-1.776794526467824833e-02 5.072350261945365348e-03 3.265637559617478713e-03 -2.999412223589633482e-04 -1.981442174631455923e-03 -1.262534091902622890e-02 -2.122243783159194833e-03 -3.660144106885545277e-03 1.049928380163103858e+00 -2.339447182782011456e-02 -1.640595544731964298e-03 -4.092847178256365549e-03 -2.911858431135943160e-03 -4.104889916032305477e-04 -4.301987146505816331e-03 2.264250278951399423e-02 7.771302923264820396e-03 -2.110609248233936714e-03 -1.388216514613455858e-03 -1.897426478158068062e-03 1.284296974739882434e-02 -2.397978027214283606e-03 -2.737824610796950157e-03 -3.087012993957788561e-03 -5.140938313665478418e-03 -5.933860871087082677e-04 -6.881299332650658331e-03 -2.047545537630149608e-03 -7.526450275904701930e-04 -7.178571997930766361e-04 1.692995696965772729e-03 -7.959037294887153511e-04 -2.872081725269120330e-04 -5.797960311312438074e-03 -2.071816476861290234e-03 9.650340882998586015e-03 -3.346368011325604689e-03 -3.180502210848321857e-03 -6.219933773230905058e-03 -2.775241611691445665e-04 -5.823547268923672492e-03 -3.861245698978998508e-03 -3.106798160129219371e-03 -3.872335031981802810e-03 -4.420239399484575914e-03 -6.376134185268401630e-03 -1.281216018065330000e-03 -4.172895096971084190e-03 -1.895841403030778995e-03 -5.126675539150589433e-03 -2.313082828959295463e-03 -3.623398859626556900e-03 6.022626011419177777e-02 -9.013005420031604265e-03 -5.445068856523548224e-03 -3.319328173635377639e-03 2.124490078469574647e-02 -6.402474792724160632e-03 7.722445876075173868e-03 -1.712273773201354338e-03 -2.671750987954439258e-03 8.929025381376458348e-03 -1.646927255797277743e-03 -5.251918797392202132e-03 -3.047308996838227397e-04 -8.180475871127393080e-04 -6.697544321233827019e-04 -8.312532701403865191e-04 -8.016091085018826109e-04 -9.010283484206873823e-04 -4.808336856809689356e-04 -1.048300612627424324e-03 -7.161508279737897149e-04 -3.706089266763495059e-04 -8.722819291136220095e-04 -4.032078289109729458e-04 -8.743188351467417064e-04 -6.209445241554597140e-04 -1.343365492462034053e-04 -3.605329207882514695e-04 -3.434713910090253747e-04 -3.082459864668124928e-04 -6.569387678948631791e-04 -4.374880678658926302e-04 -4.197657906158855888e-04 -6.299464797742649561e-04 -9.273996702981148399e-04 -5.327075289011752373e-04 -4.482786826122368970e-04 -2.683484466426957690e-03 -6.144119297696834818e-04 -3.922438472855939180e-04 -5.746632605466633426e-04 -1.074768235081538471e-03 -6.919241558606517616e-04 -5.419564151384898953e-04 -1.012046797939681947e-03 -2.638857803164218279e-04 -8.026619555196850544e-04 -5.168731048477650690e-04 -3.680050617953382398e-04 -4.396194052524920797e-04 5.451305195742654763e-03 -8.989072674189006133e-04 -2.801741766326526278e-04 -2.023134417461689566e-03
-1.786199877241056166e-01 4.203195533100442111e-02 -1.768255821345975087e-02 -2.091854372457040839e-02 -1.559686411782656643e-02 -2.872958351894939512e-03 -2.597302814243699354e-01 -3.941230501546846288e-01 -2.339447182782011456e-02 9.886453056223358793e-01 -2.724361168697773117e-01 -4.351589371570607212e-01 -3.045586681846286226e-01 -3.229107575773376010e-02 -3.730856154977899020e-01 1.240757777698749294e-02 3.003771752652364610e-02 1.456434798792110089e-02 1.502662083403824393e-02 1.868794491235180322e-02 -1.734790746663410210e-02 1.110089067895319963e-02 -5.260102385007485969e-03 1.461656456242357849e-02 -1.852466235007039011e-02 -5.439239295112920092e-02 5.536056199546088297e-02 -7.672414557780105060e-02 7.144812182678261792e-03 -6.199598119110050209e-02 -3.070909631233261113e-03 -5.667544809667286396e-03 -1.587251739770096769e-03 -5.970615284532991562e-02 2.967409443739583551e-03 7.994425923345292728e-02 9.291571017475895936e-03 -4.500207501109113745e-02 3.582092897715803692e-02 -2.423926864669471298e-02 6.707838876580865528e-02 -1.204170219670260694e-02 -9.625551778829020966e-02 9.838232993934128978e-02 1.377686045742306520e-01 8.587960526289077634e-02 4.005953666887791115e-02 -1.002962764852467631e-01 -1.223437425176561177e-01 8.571365894830816623e-02 3.703720482045855245e-02 4.586157799278439695e-02 -3.738990390208881687e-01 -5.333505260889781496e-02 1.838422219421465345e-02 2.830156894452175165e-02 4.364528204688251922e-02 5.306139330639699295e-03 -1.967754001785292431e-02 -2.052389787122972653e-02 -3.470091747807517099e-03 -7.322962015385606552e-03 1.520206941309657639e-02 9.607009664136141602e-03 8.245748873792686437e-03 -4.932022097175163197e-03 -4.157780585975111992e-03 6.148791910492194465e-03 3.718751391586023764e-03 1.446352405952735370e-02 1.153795272608204234e-02 1.507472990139577425e-02 1.269731331029067076e-03 -1.889762855326550164e-03 2.505548652603868751e-03 -4.480692981087266644e-03 2.097128613268789410e-02 6.424547871587357045e-03 4.163741087746971464e-03 -7.384021985861213139e-03 5.809310236497921762e-03 -2.447569384917275270e-04 1.969732996190869893e-03 -6.384584433132966565e-03 1.503408213863425928e-02 -4.687183825114028465e-03 1.681359857419292142e-02 3.919466907267383539e-03 6.932586899806494202e-03 4.560046331215916043e-02 5.850681068912561358e-03 2.940389860074670188e-03 1.071473040386068665e-02 1.558162167219652450e-02 7.858770692592494805e-03 1.432617200389795214e-03 4.607220545228878951e-03 2.073690356132016233e-03 -1.793120917198122791e-02 -1.626736583145231216e-02 -7.154142683834969173e-03 1.528681246371194329e-03 -4.064324844474924425e-02 8.520690923763661953e-03 6.233024621032302176e-03 2.083883420349809563e-03
6.927623675678520887e-02 -2.315455382650538282e-02 5.354103765962635320e-02 6.475877325759245295e-02 1.065548271964973995e-02 9.492194457251978967e-02 -4.098026654919354611e-02 -5.369622429301504352e-02 -1.640595544731964298e-03 -2.724361168697773117e-01 9.688415904144532798e-01 -5.829087422899700138e-02 -3.988244121909229056e-02 -2.264492030965848269e-03 -3.467043252403917419e-02 -3.355642967760916803e-03 -1.157817340860490922e-02 -5.260207989478946945e-03 -4.052995529630733576e-03 -5.955152594798611421e-03 -1.555181291718643697e-03 -2.547195888631306054e-03 -1.930519267265593886e-03 -9.214840711885323443e-03 1.548054541486851982e-02 1.314696879843808147e-02 -1.085288732918031698e-02 -9.130860823670577248e-03 -4.152020400026728945e-03 5.749053145384239172e-02 -8.108064230604589140e-04 -7.966037517641888152e-03 -6.422374536121365843e-03 4.735040713243734989e-02 -7.999396544834244324e-03 -4.197521554960755019e-02 -4.238404551228205745e-03 3.976000054557964417e-03 -3.916363278470985643e-02 -2.290644229112587509e-03 -1.574289783000792226e-02 1.026068425761159919e-01 2.372081574036563265e-02 -2.537653733263981609e-02 -2.914261137134740998e-02 -2.618292304581535529e-02 -7.257490599979050071e-03 -1.669133763647351679e-02 -2.448376572038384394e-02 8.475723122885195360e-02 -3.201465280701895622e-02 -1.872336787064746155e-02 -3.471324249545484908e-02 5.853785726183276250e-02 -1.870975546318993932e-02 -1.339498080641240638e-02 -2.282366058685228113e-02 -1.686434723545650327e-02 -2.246769491674370164e-02 -1.091677874715917505e-02 8.562640834975460136e-03 -3.555275468218700718e-02 -3.509921001934176825e-03 2.944895904280373303e-02 -5.573698952296235985e-03 3.490871914264568991e-03 -5.666424978834596476e-03 -5.224370363509390006e-03 1.775965838465188434e-02 1.764696537274951368e-03 -4.407457597976326483e-03 -4.929605869351135448e-03 -5.202100798517858907e-03 -1.755138012055893230e-03 1.685912063507246685e-03 1.031293636420319709e-02 -5.764852537368861211e-03 -4.999224800442756810e-04 -7.410772309560142209e-04 1.394080894595287404e-02 -5.118253737350745257e-03 4.783713233792593125e-03 7.942812350033889510e-03 3.503542077074256814e-04 -4.734653162535809590e-03 2.087184247919477548e-04 -4.370629943070088175e-03 -2.566588309672226953e-03 -3.700027316664291407e-03 -8.267490701294078967e-03 -4.230357327182951432e-03 -2.163841380751366315e-03 -4.038042155605500207e-03 -1.207710562301303470e-02 -3.625721601972228727e-03 4.638883124248076133e-03 -8.190331285024238933e-03 -3.381958562158312968e-03 1.541274875611147767e-02 2.206522130111267938e-02 1.667584111465215957e-02 3.580924595876369167e-03 -9.664620644865805354e-03 -2.544006888680542915e-03 2.507464222885227682e-03 2.771412946906161648e-02
1.277945031029268375e-01 -3.852120368883722723e-02 1.003070285761960972e-01 2.476822841566326053e-02 1.655443120826481998e-02 8.615992944826962596e-02 -5.231752675470636993e-02 -7.682380145674841398e-02 -4.092847178256365549e-03 -4.351589371570607212e-01 -5.829087422899700138e-02 9.871508055599858000e-01 -5.887880742403213408e-02 -5.649302077460726344e-03 -6.784110615668698108e-02 -1.880210519782655066e-03 -1.655692424988957148e-02 -1.328629303001751562e-02 8.639454073323094528e-04 -6.475326497289152564e-03 3.761692327179894796e-02 -3.954319940365209722e-03 -7.937508142657640278e-03 -2.150064950322671392e-04 -1.119065178262884305e-02 1.441280352528486082e-02 1.523330525343997988e-02 -1.039013000506321983e-02 -1.035818062099570086e-02 7.089028235165076297e-02 -2.079740022447045325e-02 -1.438282075198506205e-02 5.009646193329342313e-04 1.035180116251828986e-01 -3.683571030371158780e-04 -9.330285817153101402e-02 -1.540828498919898093e-02 -3.865688600075127979e-04 -8.446390749052032354e-02 -4.419133049340313521e-03 7.299481507229016453e-02 1.932302250337171803e-02 2.347796546435218235e-01 -4.930640896074432039e-02 -5.473151997576679306e-02 -2.637669605831945499e-02 -1.778223410252017037e-02 1.153917920958124309e-02 -3.701805407179444007e-02 3.534413372692857963e-02 -3.192136625087888674e-02 -7.495549432636129834e-04 -6.797911398590114618e-02 1.068953935196716165e-01 -2.877325535829608483e-02 -1.501293801750959098e-02 -6.876067274608198276e-02 -3.802686972551463235e-02 -3.354143167456880795e-03 5.392381318329061805e-04 -5.617085660896095622e-03 -5.561806962705226343e-02 -1.427764351760712688e-02 5.282470964683909365e-02 -2.512305914422840666e-03 2.562117648274487517e-03 -2.027811976230283267e-03 7.169376289119663848e-03 1.171541529894780734e-03 -7.896561954746986189e-03 -4.251681192498288353e-03 -8.014698149001634603e-03 4.066792680967840773e-03 -1.459564510113279309e-03 -8.602568174820132002e-03 1.696021977150981644e-02 -1.277608817317097897e-02 -9.619180926968179043e-03 -1.848789522398080728e-03 1.441555567631189845e-04 -7.271863347366340491e-03 1.147340607645151375e-02 -2.262415681138926771e-03 1.802213376903824549e-02 -3.550157712424860390e-03 1.760242163024509573e-02 -5.238794682786980343e-03 2.600713959822735771e-03 -7.138128562574118027e-03 -1.720166451650179465e-02 -1.929691393484492474e-03 -1.523669956389048154e-04 -1.173416673432809126e-03 -1.572033430174556157e-02 -1.717047183053178059e-03 -2.444419049341724041e-03 -6.697842361428264779e-03 3.374356325519718182e-04 3.244877000650838589e-02 -9.756662181986508475e-03 7.443615148339581718e-03 -2.102470533698039268e-03 1.270380328067475389e-02 -2.765868639020109283e-03 -1.516274666922854146e-03 -3.122162333701670404e-03
9.165701089724080652e-03 -1.065671544354193992e-02 -2.289754703833514482e-02 -1.345299904373153943e-02 -4.245067130127375826e-03 -2.629630301299027903e-02 -3.619328728984504140e-02 -5.347966351195448248e-02 -2.911858431135943160e-03 -3.045586681846286226e-01 -3.988244121909229056e-02 -5.887880742403213408e-02 9.833429980705913342e-01 -4.019199146180828935e-03 -4.788144793191274895e-02 -2.162437297197389308e-02 -2.580320514500390044e-02 -9.158714453080026713e-03 -1.199042019209829030e-02 -1.355020555876577243e-02 -1.682933369157733200e-02 -1.744520792610116527e-02 -1.389535644654137699e-03 -7.188853090456821110e-03 2.109292850017125201e-02 1.010375164818153870e-01 -4.820502263400677084e-02 6.632247236308594363e-02 -3.589482363033575166e-03 7.339748150500504525e-03 1.379173488687877869e-02 1.681809270554444555e-02 2.989788873823040136e-04 -9.359675654292588451e-03 1.091304124689342157e-03 4.217998124371318295e-04 3.010011955806019338e-03 -1.124831395151344900e-02 5.147713457460234565e-02 -3.117315686892502356e-03 -5.034932406345964118e-02 9.521254395201355844e-03 -2.152719424156463585e-02 -3.395370503834212877e-02 -4.215200122395146992e-02 -1.495656046472874532e-03 -1.264452284333404848e-02 1.139119715357774232e-01 9.950625726444563279e-02 -6.656912306103646149e-02 1.800495177498857499e-02 -1.615086888291107289e-02 -4.798027641687561268e-02 -1.032443657074275795e-02 1.804938271086940077e-02 -1.418728109065808991e-02 -1.341212467874697625e-02 1.309904430547166078e-02 2.189759225597645922e-03 4.571450692778899691e-03 1.471434837143114835e-02 1.953279646698133018e-02 -1.119649043438344406e-02 -2.197380474349881069e-02 -5.033399815849012512e-03 -4.830492354892541168e-03 1.870448205706540939e-02 -4.740127170991299474e-03 -1.114988212990102034e-02 -9.127765943232453438e-03 -5.632024372050951910e-03 -1.138570972655441813e-02 -1.969627754366550399e-03 -1.061548793120487520e-03 -1.287848779040090975e-03 -5.719066556845621777e-03 -9.056486197594059914e-03 1.156202722988402707e-03 -1.315322347433722913e-03 3.818670533646067143e-03 7.507086481619661307e-03 -4.084405735150850071e-03 2.216964554574476359e-02 -3.433550913060946785e-03 -5.383772273710166721e-03 -3.228418892020537556e-03 -3.895509124416669366e-03 -1.914276656503954410e-03 -5.035331567236560335e-03 -2.456838258881970452e-02 -1.540922764490463680e-03 3.335449235039094403e-03 -6.083656458735748826e-03 -1.001336789442869302e-02 -8.769403166557700191e-03 -1.857557289603257739e-03 -1.116922200435201866e-03 3.911757420490345749e-03 -1.017288706397399475e-02 1.671693822774772062e-02 1.831821378462094533e-03 1.722632366594643513e-03 2.369735526997648195e-02 -5.923864534045913434e-03 -4.681627249123060559e-03 -5.073394587153683480e-03
1.664302654782301438e-02 -3.156759836387890237e-03 1.360605743249654722e-03 9.437892458105080155e-04 -2.734958063663323318e-03 -1.025332998233912697e-02 -2.929304635846623379e-03 -5.052047830342995365e-03 -4.104889916032305477e-04 -3.229107575773376010e-02 -2.264492030965848269e-03 -5.649302077460726344e-03 -4.019199146180828935e-03 9.998737919147764330e-01 -5.937975171187113814e-03 -4.396336495732875577e-03 -4.949530583131299052e-03 -2.913245643300617273e-03 -1.916136639949753487e-03 -2.618992324422000223e-03 7.027425281679982629e-03 -3.309896915480527863e-03 4.540971963625590330e-03 -4.260962640519015514e-03 -7.095968217375021869e-03 -8.190428590753041352e-04 1.267498392416726606e-02 -2.826199649202260251e-03 -1.038865839053054610e-03 -9.908486668292785463e-04 -1.223718960780596733e-03 -9.747231315790113107e-03 -3.964295892449880981e-04 9.836852657992374224e-03 1.028981519615185594e-02 -5.583405769120532505e-03 -4.618946893194120738e-03 4.146882840775809390e-03 5.352040678325772037e-03 -3.830628782249507016e-04 -3.560845161535678913e-03 -5.329625661252150419e-03 4.739679880194112849e-02 2.005241555955739833e-03 4.775888195825114043e-05 -3.880100355469112087e-03 -1.768445289376660871e-03 -5.759791146267209498e-03 -2.616804466479313428e-03 -7.076281500965537520e-03 -3.192717211724711412e-03 1.914033563506804684e-03 -5.953265681416830199e-03 -3.627724658879650631e-04 -1.429070635848926629e-02 -4.581624167819518985e-03 8.868413039776519222e-03 8.306921233261727955e-04 1.760826648532217223e-02 -2.363428528559147288e-03 4.846385001603549687e-03 -2.767248459171003233e-03 -2.273231606845529246e-03 1.166714302467526405e-03 -4.206159745704111312e-04 -1.129140114951458990e-03 -9.244530616445872147e-04 -1.147367742154822888e-03 -1.106450303355429026e-03 -1.243677347061830987e-03 -6.636882886468831481e-04 -1.446955278511235978e-03 -9.884933846883217894e-04 -5.115465318423403343e-04 -1.203999049964463858e-03 -5.565423594651055074e-04 -1.206810564048058044e-03 -8.570814001889469650e-04 -1.854229375498437510e-04 -4.976387560281800640e-04 -4.740889552592059976e-04 -4.254678017218060872e-04 -9.067637721606638512e-04 -6.038589136158218620e-04 -5.793970919735744228e-04 -8.695066788186387027e-04 -1.280077329025724325e-03 -7.352890588461406069e-04 -6.187530544545307180e-04 -3.703977625050629968e-03 -8.480645477562687726e-04 -5.414089226477484086e-04 -7.931999926345498263e-04 1.763633865785537921e-02 -9.550536340359281218e-04 -7.480551724972200325e-04 -1.396914624239943559e-03 -3.642380040165121304e-04 -1.107903533975818349e-03 -7.134330156550707435e-04 -5.079524520634301921e-04 -6.068007700307902208e-04 2.641645323472582678e-03 -1.240749647397441187e-03 -3.867206590341287125e-04 -2.792505307374622530e-03
